mtllib materials.mtl
v 0.1700001 -0.2549999 0.17
v 0.1500001 -0.2549999 0.19
v 0.1500001 0.2549999 0.1900002
v 0.1700001 0.2549999 0.1700002
v -0.17 -0.2549999 0.17
v -0.17 0.2549999 0.1700001
v -0.15 0.2549999 0.1900001
v -0.1500001 -0.2549999 0.19
v 0.1700001 -0.2549996 -0.17
v 0.1900001 -0.2549996 -0.15
v 0.1900002 0.2550001 -0.1500001
v 0.1700002 0.2550001 -0.1700001
v 0.17 -0.2549995 0.1700001
v 0.1700002 0.2550001 0.17
v 0.1900002 0.2550001 0.15
v 0.1900001 -0.2549996 0.1500002
v -0.1699999 -0.2549999 -0.1700001
v -0.1499999 -0.2549999 -0.1900001
v -0.1500001 0.2549999 -0.1900003
v -0.17 0.2549999 -0.1700003
v 0.1700002 -0.2549998 -0.17
v 0.17 0.2549999 -0.1700002
v 0.1500001 0.2549999 -0.1900002
v 0.1500002 -0.2549999 -0.1899999
v -0.1700002 -0.2549999 0.1700001
v -0.1900001 -0.2549999 0.15
v -0.1900004 0.2549999 0.1500001
v -0.1700004 0.2549999 0.1700001
v -0.17 -0.2549999 -0.1700001
v -0.1700002 0.2549999 -0.17
v -0.1900002 0.2549999 -0.15
v -0.19 -0.2549999 -0.1500002
vn 0.7071064 -2.348819E-07 0.7071073
vn -0.7071072 -1.047043E-07 0.7071064
vn -4.969903E-08 -1 -7.548999E-07
vn -1.141876E-08 1 -6.747678E-07
vn 1.677419E-07 2.894291E-07 -1
vn -1.717076E-07 -2.474282E-07 1
vn 0.7071072 -3.585162E-07 -0.7071064
vn 0.7071065 1.893025E-08 0.7071072
vn -7.549E-07 -1 2.245446E-07
vn -6.747678E-07 1 -1.634267E-07
vn -1 2.894291E-07 -5.87592E-08
vn 1 -2.474282E-07 6.272488E-08
vn -0.7071062 -4.821509E-07 -0.7071074
vn 0.7071074 -1.047041E-07 -0.7071062
vn 2.245445E-07 -1 9.297455E-07
vn -1.634269E-07 1 4.999222E-07
vn -3.363295E-07 4.642746E-07 1
vn 3.402952E-07 -4.222737E-07 -1
vn -0.7071075 -3.585164E-07 0.7071061
vn -0.7071062 -2.283387E-07 -0.7071075
vn 9.297456E-07 -1 -4.969884E-08
vn 4.999223E-07 1 -1.141851E-08
vn 1 4.642746E-07 4.759918E-07
vn -1 -4.222738E-07 -4.799575E-07
vt 0.141755 0.06987138
vt 0.143062 0.06736301
vt 0.188291 0.0909285
vt 0.186984 0.09343687
vt 0.1538968 0.07362245
vt 0.1882041 0.1113585
vt 0.1861112 0.1132612
vt 0.151804 0.0755251
vt -0.03491183 -0.0204492
vt -0.04634729 -0.05246843
vt -0.04379113 -0.05125762
vt -0.03370102 -0.02300536
vt 0.03491156 -0.0204493
vt 0.03370075 -0.02300546
vt 0.04379084 -0.05125772
vt 0.046347 -0.05246854
vt -0.1551831 0.0429325
vt -0.2007989 0.06574038
vt -0.2160041 0.03532984
vt -0.1703884 0.01252196
vt 0.1560775 0.04114364
vt 0.1694939 0.01431081
vt 0.2151097 0.0371187
vt 0.2016933 0.06395152
vt -0.1538968 0.07362249
vt -0.151804 0.07552515
vt -0.1861112 0.1132612
vt -0.1882041 0.1113586
vt 0.1417551 0.06987139
vt 0.1869841 0.09343689
vt 0.1856772 0.09594526
vt 0.1404481 0.07237975
vt -0.06693094 -0.009013922
vt -0.03491171 -0.02044937
vt -0.03612252 -0.01789321
vt -0.06437479 -0.007803115
vt 0.06693087 -0.009013673
vt 0.0643747 -0.007802864
vt 0.03612243 -0.01789296
vt 0.03491163 -0.02044911
vt -0.04301161 0.1634442
vt -0.07265472 0.2049446
vt -0.1003217 0.1851825
vt -0.07067857 0.1436821
vt 0.04463908 0.1622817
vt 0.0690511 0.1448446
vt 0.09869422 0.186345
vt 0.0742822 0.2037821
vt -0.1417551 0.06987133
vt -0.1404482 0.0723797
vt -0.1856772 0.09594519
vt -0.1869841 0.09343682
vt -0.1538968 0.07362249
vt -0.188204 0.1113586
vt -0.1902969 0.1094559
vt -0.1559896 0.07171983
vt -0.07836621 -0.04103307
vt -0.06693078 -0.00901384
vt -0.06948693 -0.01022465
vt -0.07957703 -0.03847692
vt 0.07836651 -0.04103295
vt 0.07957732 -0.03847679
vt 0.0694872 -0.01022453
vt 0.06693105 -0.009013717
vt 0.1703884 0.01252202
vt 0.2160042 0.0353299
vt 0.2007989 0.06574042
vt 0.1551831 0.04293255
vt -0.169494 0.01431086
vt -0.1560775 0.04114369
vt -0.2016933 0.06395157
vt -0.2151097 0.03711874
vt 0.1538968 0.07362247
vt 0.1559896 0.07171981
vt 0.1902969 0.1094559
vt 0.1882041 0.1113585
vt -0.1417551 0.06987132
vt -0.1869841 0.09343679
vt -0.188291 0.09092842
vt -0.143062 0.06736295
vt -0.0463471 -0.05246835
vt -0.07836634 -0.0410329
vt -0.07715554 -0.04358906
vt -0.04890326 -0.05367916
vt 0.04634719 -0.05246861
vt 0.04890335 -0.05367942
vt 0.07715561 -0.0435893
vt 0.07836642 -0.04103315
vt 0.07067877 0.143682
vt 0.1003219 0.1851824
vt 0.07265502 0.2049445
vt 0.04301184 0.1634441
vt -0.06905129 0.1448445
vt -0.04463929 0.1622817
vt -0.07428248 0.203782
vt -0.09869447 0.1863448
o group128369032
g mesh128369032
usemtl mat23
f 4/4/1 3/3/1 2/2/1 1/1/1
f 8/8/2 7/7/2 6/6/2 5/5/2
f 2/12/3 8/11/3 5/10/3 1/9/3
f 6/16/4 7/15/4 3/14/4 4/13/4
f 5/20/5 6/19/5 4/18/5 1/17/5
f 3/24/6 7/23/6 8/22/6 2/21/6
o group240847654
g mesh240847654
usemtl mat23
f 12/28/7 11/27/7 10/26/7 9/25/7
f 16/32/8 15/31/8 14/30/8 13/29/8
f 10/36/9 16/35/9 13/34/9 9/33/9
f 14/40/10 15/39/10 11/38/10 12/37/10
f 13/44/11 14/43/11 12/42/11 9/41/11
f 11/48/12 15/47/12 16/46/12 10/45/12
o group1978143402
g mesh1978143402
usemtl mat23
f 20/52/13 19/51/13 18/50/13 17/49/13
f 24/56/14 23/55/14 22/54/14 21/53/14
f 18/60/15 24/59/15 21/58/15 17/57/15
f 22/64/16 23/63/16 19/62/16 20/61/16
f 21/68/17 22/67/17 20/66/17 17/65/17
f 19/72/18 23/71/18 24/70/18 18/69/18
o group1386337691
g mesh1386337691
usemtl mat23
f 28/76/19 27/75/19 26/74/19 25/73/19
f 32/80/20 31/79/20 30/78/20 29/77/20
f 26/84/21 32/83/21 29/82/21 25/81/21
f 30/88/22 31/87/22 27/86/22 28/85/22
f 29/92/23 30/91/23 28/90/23 25/89/23
f 27/96/24 31/95/24 32/94/24 26/93/24
